0 2
10 2
20 3
30 2
40 2
50 1
60 1
70 1
80 1
90 1
100 1
110 1
120 1
130 1
140 1
150 1
160 1
170 1
180 1
190 1
200 1
210 2
220 2
230 2
240 2
250 2
260 2
270 1
280 1
290 2
300 1
310 2
320 2
330 2
340 2
350 2
360 1
370 2
380 2
390 2
400 2
410 1
420 2
430 2
440 2
450 2
460 2
470 2
480 2
490 2
500 1
510 1
520 1
530 2
540 2
550 3
560 2
570 1
580 2
590 2
600 3
610 2
620 1
630 2
640 2
650 2
660 2
670 2
680 2
690 2
700 2
710 2
720 2
730 2
740 2
750 2
760 2
770 2
780 1
790 1
800 3
810 3
820 2
830 2
840 2
850 2
860 2
870 2
880 2
890 2
900 3
910 3
920 2
930 2
940 2
950 2
960 1
970 1
980 3
990 2
1000 2
1010 2
1020 2
1030 3
1040 2
1050 3
1060 2
1070 2
1080 2
1090 1
1100 2
1110 1
1120 2
1130 2
1140 3
1150 2
1160 3
1170 2
1180 2
1190 3
1200 2
1210 3
1220 2
1230 2
1240 1
1250 2
1260 2
1270 2
1280 2
1290 2
1300 2
1310 2
1320 2
1330 2
1340 2
1350 2
1360 2
1370 2
1380 2
1390 2
1400 2
1410 2
1420 2
1430 1
1440 2
1450 2
1460 2
1470 2
1480 2
1490 1
1500 1
1510 2
1520 2
1530 2
1540 2
1550 2
1560 2
1570 2
1580 2
1590 2
1600 2
1610 2
1620 2
1630 2
1640 2
1650 2
1660 2
1670 2
1680 2
1690 1
1700 1
1710 2
1720 2
1730 3
1740 3
1750 2
1760 2
1770 2
1780 2
1790 2
1800 3
1810 1
1820 2
1830 2
1840 2
1850 2
1860 2
1870 2
1880 2
1890 2
1900 2
1910 2
1920 2
1930 1
1940 2
1950 2
1960 2
1970 2
1980 2
1990 2
2000 2
2010 2
2020 2
2030 2
2040 2
2050 2
2060 2
2070 3
2080 2
2090 2
2100 2
2110 2
2120 2
2130 2
2140 2
2150 2
2160 3
2170 2
2180 2
2190 2
2200 1
