0 0 1 0
1 0 1 0
2 0 1 0
3 0 0.873777 0.126223
4 0 0.873777 0.126223
5 0 0.873777 0.126223
6 0 0.873777 0.126223
7 0 0.873777 0.126223
8 0 0.873777 0.126223
9 0 0.873777 0.126223
10 0 0.873777 0.126223
11 0 0.873777 0.126223
12 0 0.873777 0.126223
13 0.153089 0.846911 0
14 0.153089 0.846911 0
15 0.153089 0.846911 0
16 0.153089 0.846911 0
17 0 0.675464 0.324536
18 0 0.675464 0.324536
19 0 0.675464 0.324536
20 0 0.675464 0.324536
21 0 0.913411 0.0865887
22 0 0.913411 0.0865887
23 0 0.913411 0.0865887
24 0.623346 0.376654 0
25 0.623346 0.376654 0
26 0.623346 0.376654 0
27 0.623346 0.376654 0
28 0.113593 0.886407 0
29 0.113593 0.886407 0
30 0.113593 0.886407 0
31 0.329065 0.670935 0
32 0.329065 0.670935 0
33 0.329065 0.670935 0
34 0.329065 0.670935 0
35 0.329065 0.670935 0
36 0.119862 0.880138 0
37 0.119862 0.880138 0
38 0.119862 0.880138 0
39 0.119862 0.880138 0
40 0.119862 0.880138 0
41 0.164059 0.835941 0
42 0.164059 0.835941 0
43 0.164059 0.835941 0
44 0.164059 0.835941 0
45 0.362484 0.637516 0
46 0.362484 0.637516 0
47 0.362484 0.637516 0
48 0.307318 0.692682 0
49 0.307318 0.692682 0
50 0.307318 0.692682 0
51 0.307318 0.692682 0
52 0.307318 0.692682 0
53 0.107787 0.892213 0
54 0.107787 0.892213 0
55 0.107787 0.892213 0
56 0.107787 0.892213 0
57 0.107787 0.892213 0
58 0 0.953235 0.0467653
59 0 0.953235 0.0467653
60 0 0.953235 0.0467653
61 0 0.953235 0.0467653
62 0 0.953235 0.0467653
63 0.0345452 0.965455 0
64 0.0345452 0.965455 0
65 0.0345452 0.965455 0
66 0 0.457702 0.542298
67 0 0.457702 0.542298
68 0 0.457702 0.542298
69 0 0.457702 0.542298
70 0.356166 0.643834 0
71 0.356166 0.643834 0
72 0.356166 0.643834 0
73 0.356166 0.643834 0
74 0.586298 0.413702 0
75 0.586298 0.413702 0
76 0.586298 0.413702 0
77 0.586298 0.413702 0
78 0.586298 0.413702 0
79 0.586298 0.413702 0
80 0.636917 0.363083 0
81 0.636917 0.363083 0
82 0.636917 0.363083 0
83 0.636917 0.363083 0
84 0.875549 0.124451 0
85 0.875549 0.124451 0
86 0.875549 0.124451 0
87 0.875549 0.124451 0
88 0.38817 0.61183 0
89 0.38817 0.61183 0
90 0.38817 0.61183 0
91 0.244457 0.755543 0
92 0.244457 0.755543 0
93 0.244457 0.755543 0
94 0.244457 0.755543 0
95 0 0.990605 0.009395
96 0 0.990605 0.009395
97 0 0.990605 0.009395
98 0 0.990605 0.009395
99 0.322047 0.677953 0
100 0.322047 0.677953 0
101 0.322047 0.677953 0
102 0.582215 0.417785 0
103 0.582215 0.417785 0
104 0.582215 0.417785 0
105 0.582215 0.417785 0
106 0.0873389 0.912661 0
107 0.0873389 0.912661 0
108 0.0873389 0.912661 0
109 0.0873389 0.912661 0
110 0.345679 0.654321 0
111 0.345679 0.654321 0
112 0.345679 0.654321 0
113 0.345679 0.654321 0
114 0.345679 0.654321 0
115 0 0.934794 0.0652055
116 0 0.934794 0.0652055
117 0 0.934794 0.0652055
118 0.418517 0.581483 0
119 0.418517 0.581483 0
120 0.418517 0.581483 0
121 0.418517 0.581483 0
122 0.337479 0.662521 0
123 0.337479 0.662521 0
124 0.337479 0.662521 0
125 0.208387 0.791613 0
126 0.208387 0.791613 0
127 0.208387 0.791613 0
128 0.208387 0.791613 0
129 0.208387 0.791613 0
130 0.113372 0.886628 0
131 0.113372 0.886628 0
132 0.113372 0.886628 0
133 0.113372 0.886628 0
134 0.0827276 0.917272 0
135 0.0827276 0.917272 0
136 0.0827276 0.917272 0
137 0.0827276 0.917272 0
138 0.211504 0.788496 0
139 0.211504 0.788496 0
140 0.211504 0.788496 0
141 0.211504 0.788496 0
142 0.211504 0.788496 0
143 0 0.907305 0.0926945
144 0 0.907305 0.0926945
145 0 0.907305 0.0926945
146 0.00245765 0.997542 0
147 0.00245765 0.997542 0
148 0.00245765 0.997542 0
149 0.00245765 0.997542 0
150 0.00245765 0.997542 0
151 0.00245765 0.997542 0
152 0 0.581708 0.418292
153 0 0.581708 0.418292
154 0 0.581708 0.418292
155 0 0.581708 0.418292
156 0.136137 0.863863 0
157 0.136137 0.863863 0
158 0.136137 0.863863 0
159 0 0.864468 0.135532
160 0 0.864468 0.135532
161 0 0.864468 0.135532
162 0 0.864468 0.135532
163 0 0.731706 0.268294
164 0 0.731706 0.268294
165 0 0.731706 0.268294
166 0 0.731706 0.268294
167 0.156531 0.843469 0
168 0.156531 0.843469 0
169 0.156531 0.843469 0
170 0.156531 0.843469 0
171 0 0.761332 0.238668
172 0 0.761332 0.238668
173 0 0.761332 0.238668
174 0 0.873107 0.126893
175 0 0.873107 0.126893
176 0 0.873107 0.126893
177 0 0.873107 0.126893
178 0 0.873107 0.126893
179 0.215381 0.784619 0
180 0.215381 0.784619 0
181 0.215381 0.784619 0
182 0.215381 0.784619 0
183 0.13671 0.86329 0
184 0.13671 0.86329 0
185 0.13671 0.86329 0
186 0.13671 0.86329 0
187 0.0723556 0.927644 0
188 0.0723556 0.927644 0
189 0.0723556 0.927644 0
190 0.0723556 0.927644 0
191 0.0723556 0.927644 0
192 0.417003 0.582997 0
193 0.417003 0.582997 0
194 0.417003 0.582997 0
195 0.417003 0.582997 0
196 0.417003 0.582997 0
197 0.0257783 0.974222 0
198 0.0257783 0.974222 0
199 0.0257783 0.974222 0
200 0.0257783 0.974222 0
201 0.250034 0.749966 0
202 0.250034 0.749966 0
203 0.250034 0.749966 0
204 0.250034 0.749966 0
205 0.250034 0.749966 0
206 0.142043 0.857957 0
207 0.142043 0.857957 0
208 0.142043 0.857957 0
209 0.142043 0.857957 0
210 0.170319 0.829681 0
211 0.170319 0.829681 0
212 0.170319 0.829681 0
213 0.170319 0.829681 0
214 0.33066 0.66934 0
215 0.33066 0.66934 0
216 0.33066 0.66934 0
217 0.33066 0.66934 0
218 0.33066 0.66934 0
219 0 0.813109 0.186891
220 0 0.813109 0.186891
221 0 0.813109 0.186891
222 0 0.813109 0.186891
223 0 0.583285 0.416715
224 0 0.583285 0.416715
225 0 0.583285 0.416715
226 0 0.583285 0.416715
227 0 0.583285 0.416715
228 0 0.710112 0.289888
229 0 0.710112 0.289888
230 0 0.710112 0.289888
231 0 0.93172 0.0682803
232 0 0.93172 0.0682803
233 0 0.93172 0.0682803
234 0 0.93172 0.0682803
235 0.105139 0.894861 0
236 0.105139 0.894861 0
237 0.105139 0.894861 0
238 0.105139 0.894861 0
239 0.105139 0.894861 0
240 0.105139 0.894861 0
241 0.478616 0.521384 0
242 0.478616 0.521384 0
243 0.478616 0.521384 0
244 0.478616 0.521384 0
245 0.478616 0.521384 0
246 0.066094 0.933906 0
247 0.066094 0.933906 0
248 0.066094 0.933906 0
249 0.066094 0.933906 0
250 0 0.828196 0.171804
251 0 0.828196 0.171804
252 0 0.828196 0.171804
253 0 0.502134 0.497866
254 0 0.502134 0.497866
255 0 0.502134 0.497866
256 0 0.502134 0.497866
257 0 0.502134 0.497866
258 0.193707 0.806293 0
259 0.193707 0.806293 0
260 0.193707 0.806293 0
261 0.193707 0.806293 0
262 0.193707 0.806293 0
263 0.49393 0.50607 0
264 0.49393 0.50607 0
265 0.49393 0.50607 0
266 0.49393 0.50607 0
267 0.535871 0.464129 0
268 0.535871 0.464129 0
269 0.535871 0.464129 0
270 0.163441 0.836559 0
271 0.163441 0.836559 0
272 0.163441 0.836559 0
273 0.163441 0.836559 0
274 0.0199106 0.980089 0
275 0.0199106 0.980089 0
276 0.0199106 0.980089 0
277 0.0199106 0.980089 0
278 0 0.551562 0.448438
279 0 0.551562 0.448438
280 0 0.551562 0.448438
281 0 0.551562 0.448438
282 0.0974704 0.90253 0
283 0.0974704 0.90253 0
284 0.0974704 0.90253 0
285 0.0974704 0.90253 0
286 0.0974704 0.90253 0
287 0 0.785306 0.214694
288 0 0.785306 0.214694
289 0 0.785306 0.214694
290 0 0.786 0.214
291 0 0.786 0.214
292 0 0.786 0.214
293 0 0.786 0.214
294 0 0.865863 0.134137
295 0 0.865863 0.134137
296 0 0.865863 0.134137
297 0 0.865863 0.134137
298 0.269236 0.730764 0
299 0.269236 0.730764 0
300 0.269236 0.730764 0
301 0.269236 0.730764 0
302 0.269236 0.730764 0
303 0.211593 0.788407 0
304 0.211593 0.788407 0
305 0.211593 0.788407 0
306 0.211593 0.788407 0
307 0.423597 0.576403 0
308 0.423597 0.576403 0
309 0.423597 0.576403 0
310 0.423597 0.576403 0
311 0 0.58648 0.41352
312 0 0.58648 0.41352
313 0 0.58648 0.41352
314 0 0.665009 0.334991
315 0 0.665009 0.334991
316 0 0.665009 0.334991
317 0 0.665009 0.334991
318 0.0174914 0.982509 0
319 0.0174914 0.982509 0
320 0.0174914 0.982509 0
321 0.0174914 0.982509 0
322 0.0174914 0.982509 0
323 0 0.820896 0.179104
324 0 0.820896 0.179104
325 0 0.820896 0.179104
326 0 0.820896 0.179104
327 0 0.416304 0.583696
328 0 0.416304 0.583696
329 0 0.416304 0.583696
330 0 0.416304 0.583696
331 0 0.498515 0.501485
332 0 0.498515 0.501485
333 0 0.498515 0.501485
334 0.128319 0.871681 0
335 0.128319 0.871681 0
336 0.128319 0.871681 0
337 0.128319 0.871681 0
338 0.3656 0.6344 0
339 0.3656 0.6344 0
340 0.3656 0.6344 0
341 0.3656 0.6344 0
342 0.3656 0.6344 0
343 0.179815 0.820185 0
344 0.179815 0.820185 0
345 0.179815 0.820185 0
346 0.179815 0.820185 0
347 0.179815 0.820185 0
348 0.173635 0.826365 0
349 0.173635 0.826365 0
350 0.173635 0.826365 0
351 0.173635 0.826365 0
352 0.347515 0.652485 0
353 0.347515 0.652485 0
354 0.347515 0.652485 0
355 0.347515 0.652485 0
356 0.0710504 0.92895 0
357 0.0710504 0.92895 0
358 0.0710504 0.92895 0
359 0.0710504 0.92895 0
360 0 0.683778 0.316222
361 0 0.683778 0.316222
362 0 0.683778 0.316222
363 0 0.683778 0.316222
364 0 0.495533 0.504467
365 0 0.495533 0.504467
366 0 0.495533 0.504467
367 0 0.495533 0.504467
368 0 0.500031 0.499969
369 0 0.500031 0.499969
370 0 0.500031 0.499969
371 0 0.500031 0.499969
372 0 0.500031 0.499969
373 0 0.139787 0.860213
374 0 0.139787 0.860213
375 0 0.139787 0.860213
376 0 0.139787 0.860213
377 0 0.376935 0.623065
378 0 0.376935 0.623065
379 0 0.376935 0.623065
380 0 0.376935 0.623065
381 0.0548578 0.945142 0
382 0.0548578 0.945142 0
383 0.0548578 0.945142 0
384 0.0548578 0.945142 0
385 0 0.518892 0.481108
386 0 0.518892 0.481108
387 0 0.518892 0.481108
388 0 0.518892 0.481108
389 0 0.821702 0.178298
390 0 0.821702 0.178298
391 0 0.821702 0.178298
392 0 0.821702 0.178298
393 0 0.6724 0.3276
394 0 0.6724 0.3276
395 0 0.6724 0.3276
396 0 0 1
397 0 0 1
398 0 0 1
399 0 0 1
400 0 0 1
401 0 0 1
402 0 0 1
403 0 0 1
404 0 0 1
405 0 0.81403 0.18597
406 0 0.81403 0.18597
407 0 0.81403 0.18597
408 0 0.81403 0.18597
409 0 0.81403 0.18597
410 0 0.832952 0.167048
411 0 0.832952 0.167048
412 0 0.832952 0.167048
413 0 0.832952 0.167048
414 0 0.832952 0.167048
415 0.0705115 0.929488 0
416 0.0705115 0.929488 0
417 0.0705115 0.929488 0
418 0.0705115 0.929488 0
419 0 0.573323 0.426677
420 0 0.573323 0.426677
421 0 0.573323 0.426677
422 0 0.573323 0.426677
423 0 0.316152 0.683848
424 0 0.316152 0.683848
425 0 0.316152 0.683848
426 0 0.316152 0.683848
427 0.0880553 0.911945 0
428 0.0880553 0.911945 0
429 0.0880553 0.911945 0
430 0.0880553 0.911945 0
431 0 0.16306 0.83694
432 0 0.16306 0.83694
433 0 0.16306 0.83694
434 0 0.16306 0.83694
435 0 0.816314 0.183686
436 0 0.816314 0.183686
437 0 0.816314 0.183686
438 0 0.816314 0.183686
439 0 0.816314 0.183686
440 0 0.414206 0.585794
441 0 0.414206 0.585794
442 0 0.414206 0.585794
443 0 0.414206 0.585794
444 0 0.414206 0.585794
445 0.160517 0.839483 0
446 0.160517 0.839483 0
447 0.160517 0.839483 0
448 0.227931 0.772069 0
449 0.227931 0.772069 0
450 0.227931 0.772069 0
451 0.227931 0.772069 0
452 0.289326 0.710674 0
453 0.289326 0.710674 0
454 0.289326 0.710674 0
455 0.289326 0.710674 0
456 0 0.64122 0.35878
457 0 0.64122 0.35878
458 0 0.64122 0.35878
459 0 0.677037 0.322963
460 0 0.677037 0.322963
461 0 0.677037 0.322963
462 0 0.677037 0.322963
463 0 0.677037 0.322963
464 0 0.792599 0.207401
465 0 0.792599 0.207401
466 0 0.792599 0.207401
467 0 0.792599 0.207401
468 0 0.970739 0.0292608
469 0 0.970739 0.0292608
470 0 0.970739 0.0292608
471 0 0.970739 0.0292608
472 0 0.96881 0.0311897
473 0 0.96881 0.0311897
474 0 0.96881 0.0311897
475 0 0.96881 0.0311897
476 0 0.995256 0.00474423
477 0 0.995256 0.00474423
478 0 0.995256 0.00474423
479 0 0.995256 0.00474423
480 0.215225 0.784775 0
481 0.215225 0.784775 0
482 0.215225 0.784775 0
483 0.215225 0.784775 0
484 0.598195 0.401805 0
485 0.598195 0.401805 0
486 0.598195 0.401805 0
487 0.598195 0.401805 0
488 0.59253 0.40747 0
489 0.59253 0.40747 0
490 0.59253 0.40747 0
491 0.59253 0.40747 0
492 0.59253 0.40747 0
493 0.199146 0.800854 0
494 0.199146 0.800854 0
495 0.199146 0.800854 0
496 0.199146 0.800854 0
497 0.141623 0.858377 0
498 0.141623 0.858377 0
499 0.141623 0.858377 0
500 0.141623 0.858377 0
501 0 0.991614 0.00838609
502 0 0.991614 0.00838609
503 0 0.991614 0.00838609
504 0 0.991614 0.00838609
505 0 0.69004 0.30996
506 0 0.69004 0.30996
507 0 0.69004 0.30996
508 0 0.69004 0.30996
509 0 0.945097 0.0549033
510 0 0.945097 0.0549033
511 0 0.945097 0.0549033
512 0 0.945097 0.0549033
513 0 0.550047 0.449953
514 0 0.550047 0.449953
515 0 0.550047 0.449953
516 0 0.550047 0.449953
517 0.0602171 0.939783 0
518 0.0602171 0.939783 0
519 0.0602171 0.939783 0
520 0.0602171 0.939783 0
521 0.0464738 0.953526 0
522 0.0464738 0.953526 0
523 0.0464738 0.953526 0
524 0.0464738 0.953526 0
525 0 0.973881 0.0261189
526 0 0.973881 0.0261189
527 0 0.973881 0.0261189
528 0.12484 0.87516 0
529 0.12484 0.87516 0
530 0.12484 0.87516 0
531 0.12484 0.87516 0
532 0.12484 0.87516 0
533 0 0.876331 0.123669
534 0 0.876331 0.123669
535 0 0.876331 0.123669
536 0 0.876331 0.123669
537 0 0.874251 0.125749
538 0 0.874251 0.125749
539 0 0.874251 0.125749
540 0 0.874251 0.125749
541 0.521137 0.478863 0
542 0.521137 0.478863 0
543 0.521137 0.478863 0
544 0.521137 0.478863 0
545 0.521137 0.478863 0
546 0.0244584 0.975542 0
547 0.0244584 0.975542 0
548 0.0244584 0.975542 0
549 0.0244584 0.975542 0
550 0.103269 0.896731 0
551 0.103269 0.896731 0
552 0.103269 0.896731 0
553 0.103269 0.896731 0
554 0 0.824652 0.175348
555 0 0.824652 0.175348
556 0 0.824652 0.175348
557 0 0.824652 0.175348
558 0 0.966424 0.0335765
559 0 0.966424 0.0335765
560 0 0.966424 0.0335765
561 0 0.966424 0.0335765
562 0 0.966424 0.0335765
563 0 0.798962 0.201038
564 0 0.798962 0.201038
565 0 0.798962 0.201038
566 0 0.798962 0.201038
567 0.158605 0.841395 0
568 0.158605 0.841395 0
569 0.158605 0.841395 0
570 0 0.260096 0.739904
571 0 0.260096 0.739904
572 0 0.260096 0.739904
573 0 0.260096 0.739904
574 0 0.9035 0.0964996
575 0 0.9035 0.0964996
576 0 0.9035 0.0964996
577 0 0.9035 0.0964996
578 0 0.9035 0.0964996
579 0 0.9035 0.0964996
580 0.146753 0.853247 0
581 0.146753 0.853247 0
582 0.146753 0.853247 0
583 0.146753 0.853247 0
584 0.20177 0.79823 0
585 0.20177 0.79823 0
586 0.20177 0.79823 0
587 0.20177 0.79823 0
588 0.29931 0.70069 0
589 0.29931 0.70069 0
590 0.29931 0.70069 0
591 0.29931 0.70069 0
592 0.555022 0.444978 0
593 0.555022 0.444978 0
594 0.555022 0.444978 0
595 0.555022 0.444978 0
596 0 0.855679 0.144321
597 0 0.855679 0.144321
598 0 0.855679 0.144321
599 0 0.855679 0.144321
600 0.806876 0.193124 0
601 0.806876 0.193124 0
602 0.806876 0.193124 0
603 0.806876 0.193124 0
604 0 0.607631 0.392369
605 0 0.607631 0.392369
606 0 0.607631 0.392369
607 0 0.607631 0.392369
608 0.207202 0.792798 0
609 0.207202 0.792798 0
610 0.207202 0.792798 0
611 0.207202 0.792798 0
612 0 0.79705 0.20295
613 0 0.79705 0.20295
614 0 0.79705 0.20295
615 0 0.79705 0.20295
616 0 0.620087 0.379913
617 0 0.620087 0.379913
618 0 0.620087 0.379913
619 0 0.620087 0.379913
620 0 0.821247 0.178753
621 0 0.821247 0.178753
622 0 0.821247 0.178753
623 0 0.821247 0.178753
624 0.0791984 0.920802 0
625 0.0791984 0.920802 0
626 0.0791984 0.920802 0
627 0.0791984 0.920802 0
628 0.0791984 0.920802 0
629 0.15814 0.84186 0
630 0.15814 0.84186 0
631 0.15814 0.84186 0
632 0.15814 0.84186 0
633 0.0928663 0.907134 0
634 0.0928663 0.907134 0
635 0.0928663 0.907134 0
636 0.233566 0.766434 0
637 0.233566 0.766434 0
638 0.233566 0.766434 0
639 0.233566 0.766434 0
640 0.2916 0.7084 0
641 0.2916 0.7084 0
642 0.2916 0.7084 0
643 0.2916 0.7084 0
644 0.2916 0.7084 0
645 0.138574 0.861426 0
646 0.138574 0.861426 0
647 0.138574 0.861426 0
648 0.138574 0.861426 0
649 0.453436 0.546564 0
650 0.453436 0.546564 0
651 0.453436 0.546564 0
652 0.453436 0.546564 0
653 0.302386 0.697614 0
654 0.302386 0.697614 0
655 0.302386 0.697614 0
656 0.302386 0.697614 0
657 0.389512 0.610488 0
658 0.389512 0.610488 0
659 0.389512 0.610488 0
660 0.389512 0.610488 0
661 0.247277 0.752723 0
662 0.247277 0.752723 0
663 0.247277 0.752723 0
664 0.247277 0.752723 0
665 0 0.730274 0.269726
666 0 0.730274 0.269726
667 0 0.730274 0.269726
668 0 0.730274 0.269726
669 0 0.883026 0.116974
670 0 0.883026 0.116974
671 0 0.883026 0.116974
672 0 0.883026 0.116974
673 0 0.883026 0.116974
674 0 0.932511 0.0674891
675 0 0.932511 0.0674891
676 0 0.932511 0.0674891
677 0 0.932511 0.0674891
678 0 0.769966 0.230034
679 0 0.769966 0.230034
680 0 0.769966 0.230034
681 0 0.899426 0.100574
682 0 0.899426 0.100574
683 0 0.899426 0.100574
684 0 0.899426 0.100574
685 0 0.899426 0.100574
686 0 0.456298 0.543702
687 0 0.456298 0.543702
688 0 0.456298 0.543702
689 0 0.456298 0.543702
690 0 0.579711 0.420289
691 0 0.579711 0.420289
692 0 0.579711 0.420289
693 0 0.579711 0.420289
694 0 0.759132 0.240868
695 0 0.759132 0.240868
696 0 0.759132 0.240868
697 0 0.759132 0.240868
698 0 0.909382 0.0906177
699 0 0.909382 0.0906177
700 0 0.909382 0.0906177
701 0 0.909382 0.0906177
702 0 0.98879 0.0112103
703 0 0.98879 0.0112103
704 0 0.98879 0.0112103
705 0 0.98879 0.0112103
706 0 0.826009 0.173991
707 0 0.826009 0.173991
708 0 0.826009 0.173991
709 0 0.826009 0.173991
710 0 0.477046 0.522954
711 0 0.477046 0.522954
712 0 0.477046 0.522954
713 0 0.477046 0.522954
714 0 0.830435 0.169565
715 0 0.830435 0.169565
716 0 0.830435 0.169565
717 0 0.830435 0.169565
718 0 0.830435 0.169565
719 0.195172 0.804828 0
720 0.195172 0.804828 0
721 0.195172 0.804828 0
722 0.195172 0.804828 0
723 0 0.893978 0.106022
724 0 0.893978 0.106022
725 0 0.893978 0.106022
726 0 0.893978 0.106022
727 0 0.971494 0.028506
728 0 0.971494 0.028506
729 0 0.971494 0.028506
730 0 0.971494 0.028506
731 0 0.997246 0.00275413
732 0 0.997246 0.00275413
733 0 0.997246 0.00275413
734 0 0.997246 0.00275413
735 0 0.973561 0.0264391
736 0 0.973561 0.0264391
737 0 0.973561 0.0264391
738 0 0.973561 0.0264391
739 0.0132054 0.986795 0
740 0.0132054 0.986795 0
741 0.0132054 0.986795 0
742 0.0132054 0.986795 0
743 0 0.828052 0.171948
744 0 0.828052 0.171948
745 0 0.828052 0.171948
746 0 0.828052 0.171948
747 0 0.828052 0.171948
748 0.120308 0.879692 0
749 0.120308 0.879692 0
750 0.120308 0.879692 0
751 0.282628 0.717372 0
752 0.282628 0.717372 0
753 0.282628 0.717372 0
754 0.282628 0.717372 0
755 0.123601 0.876399 0
756 0.123601 0.876399 0
757 0.123601 0.876399 0
758 0.123601 0.876399 0
759 0 0.724857 0.275143
760 0 0.724857 0.275143
761 0 0.724857 0.275143
762 0 0.724857 0.275143
763 0.505779 0.494221 0
764 0.505779 0.494221 0
765 0.505779 0.494221 0
766 0.505779 0.494221 0
767 0.341229 0.658771 0
768 0.341229 0.658771 0
769 0.341229 0.658771 0
770 0.341229 0.658771 0
771 0.280302 0.719698 0
772 0.280302 0.719698 0
773 0.280302 0.719698 0
774 0.280302 0.719698 0
775 0.14314 0.85686 0
776 0.14314 0.85686 0
777 0.14314 0.85686 0
778 0.14314 0.85686 0
779 0.14314 0.85686 0
780 0.14314 0.85686 0
781 0.266201 0.733799 0
782 0.266201 0.733799 0
783 0.266201 0.733799 0
784 0.266201 0.733799 0
785 0.163938 0.836062 0
786 0.163938 0.836062 0
787 0.163938 0.836062 0
788 0.163938 0.836062 0
789 0.163938 0.836062 0
790 0.180568 0.819432 0
791 0.180568 0.819432 0
792 0.180568 0.819432 0
793 0.180568 0.819432 0
794 0.273809 0.726191 0
795 0.273809 0.726191 0
796 0.273809 0.726191 0
797 0.169646 0.830354 0
798 0.169646 0.830354 0
799 0.169646 0.830354 0
800 0.169646 0.830354 0
801 0.169646 0.830354 0
802 0.169646 0.830354 0
803 0.0432655 0.956734 0
804 0.0432655 0.956734 0
805 0.0432655 0.956734 0
806 0.0850231 0.914977 0
807 0.0850231 0.914977 0
808 0.0850231 0.914977 0
809 0.0850231 0.914977 0
810 0.0850231 0.914977 0
811 0 0.957008 0.0429925
812 0 0.957008 0.0429925
813 0 0.957008 0.0429925
814 0 0.957008 0.0429925
815 0 0.931412 0.0685882
816 0 0.931412 0.0685882
817 0 0.931412 0.0685882
818 0 0.931412 0.0685882
819 0.656833 0.343167 0
820 0.656833 0.343167 0
821 0.656833 0.343167 0
822 0.656833 0.343167 0
823 0.656833 0.343167 0
824 0.212872 0.787128 0
825 0.212872 0.787128 0
826 0.212872 0.787128 0
827 0.212872 0.787128 0
828 0 0.998336 0.0016637
829 0 0.998336 0.0016637
830 0 0.998336 0.0016637
831 0 0.998336 0.0016637
832 0.309348 0.690652 0
833 0.309348 0.690652 0
834 0.309348 0.690652 0
835 0.309348 0.690652 0
836 0 0.368282 0.631718
837 0 0.368282 0.631718
838 0 0.368282 0.631718
839 0 0.368282 0.631718
840 0 0.664956 0.335044
841 0 0.664956 0.335044
842 0 0.664956 0.335044
843 0 0.664956 0.335044
844 0 0.522246 0.477754
845 0 0.522246 0.477754
846 0 0.522246 0.477754
847 0 0.522246 0.477754
848 0 0.522246 0.477754
849 0 0.938454 0.0615456
850 0 0.938454 0.0615456
851 0 0.938454 0.0615456
852 0 0.938454 0.0615456
853 0.487079 0.512921 0
854 0.487079 0.512921 0
855 0.487079 0.512921 0
856 0.487079 0.512921 0
857 0 0.9215 0.0785001
858 0 0.9215 0.0785001
859 0 0.9215 0.0785001
860 0 0.9215 0.0785001
861 0.168681 0.831319 0
862 0.168681 0.831319 0
863 0.168681 0.831319 0
864 0.168681 0.831319 0
865 0 0.94018 0.0598203
866 0 0.94018 0.0598203
867 0 0.94018 0.0598203
868 0 0.94018 0.0598203
869 0 0.94018 0.0598203
870 0 0.66057 0.33943
871 0 0.66057 0.33943
872 0 0.66057 0.33943
873 0 0.66057 0.33943
874 0 0.769162 0.230838
875 0 0.769162 0.230838
876 0 0.769162 0.230838
877 0 0.769162 0.230838
878 0.0517608 0.948239 0
879 0.0517608 0.948239 0
880 0.0517608 0.948239 0
881 0.130732 0.869268 0
882 0.130732 0.869268 0
883 0.130732 0.869268 0
884 0.130732 0.869268 0
885 0.130732 0.869268 0
886 0.467838 0.532162 0
887 0.467838 0.532162 0
888 0.467838 0.532162 0
889 0.467838 0.532162 0
890 0.13149 0.86851 0
891 0.13149 0.86851 0
892 0.13149 0.86851 0
893 0.13149 0.86851 0
894 0 0.895364 0.104636
895 0 0.895364 0.104636
896 0 0.895364 0.104636
897 0 0.895364 0.104636
898 0.562704 0.437296 0
899 0.562704 0.437296 0
900 0.562704 0.437296 0
901 0.562704 0.437296 0
902 0.562704 0.437296 0
903 0.371664 0.628336 0
904 0.371664 0.628336 0
905 0.371664 0.628336 0
906 0.593739 0.406261 0
907 0.593739 0.406261 0
908 0.593739 0.406261 0
909 0.593739 0.406261 0
910 0.593739 0.406261 0
911 0.152716 0.847284 0
912 0.152716 0.847284 0
913 0.152716 0.847284 0
914 0.152716 0.847284 0
915 0.152716 0.847284 0
916 0 0.668437 0.331563
917 0 0.668437 0.331563
918 0 0.668437 0.331563
919 0 0.668437 0.331563
920 0 0.668437 0.331563
921 0.198961 0.801039 0
922 0.198961 0.801039 0
923 0.198961 0.801039 0
924 0.198961 0.801039 0
925 0.121088 0.878912 0
926 0.121088 0.878912 0
927 0.121088 0.878912 0
928 0.121088 0.878912 0
929 0.328519 0.671481 0
930 0.328519 0.671481 0
931 0.328519 0.671481 0
932 0.328519 0.671481 0
933 0 0.26769 0.73231
934 0 0.26769 0.73231
935 0 0.26769 0.73231
936 0 0.26769 0.73231
937 0 0.26769 0.73231
938 0.373752 0.626248 0
939 0.373752 0.626248 0
940 0.373752 0.626248 0
941 0.373752 0.626248 0
942 0.373752 0.626248 0
943 0.697074 0.302926 0
944 0.697074 0.302926 0
945 0.697074 0.302926 0
946 0.697074 0.302926 0
947 0.112333 0.887667 0
948 0.112333 0.887667 0
949 0.112333 0.887667 0
950 0.112333 0.887667 0
951 0.401841 0.598159 0
952 0.401841 0.598159 0
953 0.401841 0.598159 0
954 0.670886 0.329114 0
955 0.670886 0.329114 0
956 0.670886 0.329114 0
957 0.670886 0.329114 0
958 0.670886 0.329114 0
959 0 0.802931 0.197069
960 0 0.802931 0.197069
961 0 0.802931 0.197069
962 0 0.802931 0.197069
963 0 0.802931 0.197069
964 0 0.897051 0.102949
965 0 0.897051 0.102949
966 0 0.897051 0.102949
967 0 0.897051 0.102949
968 0.991498 0.00850201 0
969 0.991498 0.00850201 0
970 0.991498 0.00850201 0
971 0.991498 0.00850201 0
972 0.244 0.756 0
973 0.244 0.756 0
974 0.244 0.756 0
975 0.480644 0.519356 0
976 0.480644 0.519356 0
977 0.480644 0.519356 0
978 0.480644 0.519356 0
979 0.237979 0.762021 0
980 0.237979 0.762021 0
981 0.237979 0.762021 0
982 0.237979 0.762021 0
983 0.237979 0.762021 0
984 0.237979 0.762021 0
985 0.356226 0.643774 0
986 0.356226 0.643774 0
987 0.356226 0.643774 0
988 0.356226 0.643774 0
989 0.36235 0.63765 0
990 0.36235 0.63765 0
991 0.36235 0.63765 0
992 0.36235 0.63765 0
993 0.36235 0.63765 0
994 0.480984 0.519016 0
995 0.480984 0.519016 0
996 0.480984 0.519016 0
997 0.0355619 0.964438 0
998 0.0355619 0.964438 0
999 0.0355619 0.964438 0
1000 0.0355619 0.964438 0
1001 0.0355619 0.964438 0
1002 0 0.442025 0.557975
1003 0 0.442025 0.557975
1004 0 0.442025 0.557975
1005 0 0.442025 0.557975
1006 0.391228 0.608772 0
1007 0.391228 0.608772 0
1008 0.391228 0.608772 0
1009 0.391228 0.608772 0
1010 0 0.33867 0.66133
1011 0 0.33867 0.66133
1012 0 0.33867 0.66133
1013 0 0.33867 0.66133
1014 0 0.848452 0.151548
1015 0 0.848452 0.151548
1016 0 0.848452 0.151548
1017 0 0.848452 0.151548
1018 0 0.967912 0.032088
1019 0 0.967912 0.032088
1020 0 0.967912 0.032088
1021 0 0.967912 0.032088
1022 0.98096 0.01904 0
1023 0.98096 0.01904 0
1024 0.98096 0.01904 0
1025 0.98096 0.01904 0
1026 0.671517 0.328483 0
1027 0.671517 0.328483 0
1028 0.671517 0.328483 0
1029 0.671517 0.328483 0
1030 0.13633 0.86367 0
1031 0.13633 0.86367 0
1032 0.13633 0.86367 0
1033 0 0.414209 0.585791
1034 0 0.414209 0.585791
1035 0 0.414209 0.585791
1036 0 0.414209 0.585791
1037 0 0.414209 0.585791
1038 0 0.872278 0.127722
1039 0 0.872278 0.127722
1040 0 0.872278 0.127722
1041 0 0.872278 0.127722
1042 0 0.782888 0.217112
1043 0 0.782888 0.217112
1044 0 0.782888 0.217112
1045 0 0.782888 0.217112
1046 0.130582 0.869418 0
1047 0.130582 0.869418 0
1048 0.130582 0.869418 0
1049 0.130582 0.869418 0
1050 0.130582 0.869418 0
1051 0.32388 0.67612 0
1052 0.32388 0.67612 0
1053 0.32388 0.67612 0
1054 0.32388 0.67612 0
1055 0 0.875204 0.124796
1056 0 0.875204 0.124796
1057 0 0.875204 0.124796
1058 0 0.875204 0.124796
1059 0 0.875204 0.124796
1060 0 0.791035 0.208965
1061 0 0.791035 0.208965
1062 0 0.791035 0.208965
1063 0 0.791035 0.208965
1064 0 0.903344 0.0966557
1065 0 0.903344 0.0966557
1066 0 0.903344 0.0966557
1067 0 0.903344 0.0966557
1068 0 0.903344 0.0966557
1069 0.239707 0.760293 0
1070 0.239707 0.760293 0
1071 0.239707 0.760293 0
1072 0.239707 0.760293 0
1073 0.239707 0.760293 0
1074 0 0.711397 0.288603
1075 0 0.711397 0.288603
1076 0 0.711397 0.288603
1077 0 0.711397 0.288603
1078 0.177696 0.822304 0
1079 0.177696 0.822304 0
1080 0.177696 0.822304 0
1081 0.177696 0.822304 0
1082 0.45879 0.54121 0
1083 0.45879 0.54121 0
1084 0.45879 0.54121 0
1085 0.45879 0.54121 0
1086 0 0.379431 0.620569
1087 0 0.379431 0.620569
1088 0 0.379431 0.620569
1089 0 0.379431 0.620569
1090 0.0372805 0.96272 0
1091 0.0372805 0.96272 0
1092 0.0372805 0.96272 0
1093 0.0372805 0.96272 0
1094 0.263815 0.736185 0
1095 0.263815 0.736185 0
1096 0.263815 0.736185 0
1097 0.263815 0.736185 0
1098 0.263815 0.736185 0
1099 0.133907 0.866093 0
1100 0.133907 0.866093 0
1101 0.133907 0.866093 0
1102 0.133907 0.866093 0
1103 0.133907 0.866093 0
1104 0.1264 0.8736 0
1105 0.1264 0.8736 0
1106 0.1264 0.8736 0
1107 0.0785247 0.921475 0
1108 0.0785247 0.921475 0
1109 0.0785247 0.921475 0
1110 0.0785247 0.921475 0
1111 0.0785247 0.921475 0
1112 0.0785247 0.921475 0
1113 0.469579 0.530421 0
1114 0.469579 0.530421 0
1115 0.469579 0.530421 0
1116 0.516952 0.483048 0
1117 0.516952 0.483048 0
1118 0.516952 0.483048 0
1119 0.516952 0.483048 0
1120 0 0.914833 0.0851668
1121 0 0.914833 0.0851668
1122 0 0.914833 0.0851668
1123 0 0.914833 0.0851668
1124 0 0.982086 0.0179145
1125 0 0.982086 0.0179145
1126 0 0.982086 0.0179145
1127 0 0.982086 0.0179145
1128 0.241181 0.758819 0
1129 0.241181 0.758819 0
1130 0.241181 0.758819 0
1131 0.0340623 0.965938 0
1132 0.0340623 0.965938 0
1133 0.0340623 0.965938 0
1134 0.0340623 0.965938 0
1135 0.148003 0.851997 0
1136 0.148003 0.851997 0
1137 0.148003 0.851997 0
1138 0.148003 0.851997 0
1139 0 0.482906 0.517094
1140 0 0.482906 0.517094
1141 0 0.482906 0.517094
1142 0 0.482906 0.517094
1143 0 0.943118 0.0568824
1144 0 0.943118 0.0568824
1145 0 0.943118 0.0568824
1146 0 0.943118 0.0568824
1147 0.372608 0.627392 0
1148 0.372608 0.627392 0
1149 0.372608 0.627392 0
1150 0.372608 0.627392 0
1151 0.155031 0.844969 0
1152 0.155031 0.844969 0
1153 0.155031 0.844969 0
1154 0.155031 0.844969 0
1155 0.408187 0.591813 0
1156 0.408187 0.591813 0
1157 0.408187 0.591813 0
1158 0.408187 0.591813 0
1159 0.408187 0.591813 0
1160 0.235976 0.764024 0
1161 0.235976 0.764024 0
1162 0.235976 0.764024 0
1163 0.235976 0.764024 0
1164 0.235976 0.764024 0
1165 0.662328 0.337672 0
1166 0.662328 0.337672 0
1167 0.662328 0.337672 0
1168 0.279653 0.720347 0
1169 0.279653 0.720347 0
1170 0.279653 0.720347 0
1171 0.279653 0.720347 0
1172 0.279653 0.720347 0
1173 0.322291 0.677709 0
1174 0.322291 0.677709 0
1175 0.322291 0.677709 0
1176 0.322291 0.677709 0
1177 0.322291 0.677709 0
1178 0.322291 0.677709 0
1179 0.601121 0.398879 0
1180 0.601121 0.398879 0
1181 0.601121 0.398879 0
1182 0.601121 0.398879 0
1183 0.186313 0.813687 0
1184 0.186313 0.813687 0
1185 0.186313 0.813687 0
1186 0 0.355219 0.644781
1187 0 0.355219 0.644781
1188 0 0.355219 0.644781
1189 0 0.355219 0.644781
1190 0.931693 0.068307 0
1191 0.931693 0.068307 0
1192 0.931693 0.068307 0
1193 0.931693 0.068307 0
1194 0.931693 0.068307 0
1195 0.931693 0.068307 0
1196 0.903392 0.096608 0
1197 0.903392 0.096608 0
1198 0.903392 0.096608 0
1199 0.903392 0.096608 0
1200 0.903392 0.096608 0
1201 0.672727 0.327273 0
1202 0.672727 0.327273 0
1203 0.672727 0.327273 0
1204 0.672727 0.327273 0
1205 0.672727 0.327273 0
1206 0 0.963696 0.0363041
1207 0 0.963696 0.0363041
1208 0 0.963696 0.0363041
1209 0.0763362 0.923664 0
1210 0.0763362 0.923664 0
1211 0.0763362 0.923664 0
1212 0.0763362 0.923664 0
1213 0.543189 0.456811 0
1214 0.543189 0.456811 0
1215 0.543189 0.456811 0
1216 0.543189 0.456811 0
1217 0.543189 0.456811 0
1218 0.261058 0.738942 0
1219 0.261058 0.738942 0
1220 0.261058 0.738942 0
1221 0.261058 0.738942 0
1222 0.261058 0.738942 0
1223 0 0.815838 0.184162
1224 0 0.815838 0.184162
1225 0 0.815838 0.184162
1226 0 0.815838 0.184162
1227 0.827156 0.172844 0
1228 0.827156 0.172844 0
1229 0.827156 0.172844 0
1230 0.619301 0.380699 0
1231 0.619301 0.380699 0
1232 0.619301 0.380699 0
1233 0.619301 0.380699 0
1234 0.490353 0.509647 0
1235 0.490353 0.509647 0
1236 0.490353 0.509647 0
1237 0.490353 0.509647 0
1238 0.376085 0.623915 0
1239 0.376085 0.623915 0
1240 0.376085 0.623915 0
1241 0.376085 0.623915 0
1242 0.376085 0.623915 0
1243 0 0.720215 0.279785
1244 0 0.720215 0.279785
1245 0 0.720215 0.279785
1246 0 0.720215 0.279785
1247 0 0.720215 0.279785
1248 0 0.926173 0.073827
1249 0 0.926173 0.073827
1250 0 0.926173 0.073827
1251 0 0.926173 0.073827
1252 0.155801 0.844199 0
1253 0.155801 0.844199 0
1254 0.155801 0.844199 0
1255 0.155801 0.844199 0
1256 0 0.744278 0.255722
1257 0 0.744278 0.255722
1258 0 0.744278 0.255722
1259 0 0.744278 0.255722
1260 0 0.744278 0.255722
1261 0 0.744278 0.255722
1262 0 0.992446 0.00755423
1263 0 0.992446 0.00755423
1264 0 0.992446 0.00755423
1265 0 0.992446 0.00755423
1266 0 0.219868 0.780132
1267 0 0.219868 0.780132
1268 0 0.219868 0.780132
1269 0 0.219868 0.780132
1270 0 0.188962 0.811038
1271 0 0.188962 0.811038
1272 0 0.188962 0.811038
1273 0 0.628962 0.371038
1274 0 0.628962 0.371038
1275 0 0.628962 0.371038
1276 0 0.628962 0.371038
1277 0.244141 0.755859 0
1278 0.244141 0.755859 0
1279 0.244141 0.755859 0
1280 0.244141 0.755859 0
1281 0 0.749539 0.250461
1282 0 0.749539 0.250461
1283 0 0.749539 0.250461
1284 0 0.749539 0.250461
1285 0 0.876279 0.123721
1286 0 0.876279 0.123721
1287 0 0.876279 0.123721
1288 0 0.876279 0.123721
1289 0.0561259 0.943874 0
1290 0.0561259 0.943874 0
1291 0.0561259 0.943874 0
1292 0.0561259 0.943874 0
1293 0 0.838258 0.161742
1294 0 0.838258 0.161742
1295 0 0.838258 0.161742
1296 0 0.838258 0.161742
1297 0 0.356604 0.643396
1298 0 0.356604 0.643396
1299 0 0.356604 0.643396
1300 0 0.356604 0.643396
1301 0 0.690058 0.309942
1302 0 0.690058 0.309942
1303 0 0.690058 0.309942
1304 0 0.690058 0.309942
1305 0 0.765469 0.234531
1306 0 0.765469 0.234531
1307 0 0.765469 0.234531
1308 0 0.765469 0.234531
1309 0 0.890624 0.109376
1310 0 0.890624 0.109376
1311 0 0.890624 0.109376
1312 0 0.890624 0.109376
1313 0.0721715 0.927828 0
1314 0.0721715 0.927828 0
1315 0.0721715 0.927828 0
1316 0.0721715 0.927828 0
1317 0 0.881812 0.118188
1318 0 0.881812 0.118188
1319 0 0.881812 0.118188
1320 0 0.881812 0.118188
1321 0 0.881812 0.118188
1322 0.0298467 0.970153 0
1323 0.0298467 0.970153 0
1324 0.0298467 0.970153 0
1325 0.0298467 0.970153 0
1326 0 0.8232 0.1768
1327 0 0.8232 0.1768
1328 0 0.8232 0.1768
1329 0 0.8232 0.1768
1330 0.144855 0.855145 0
1331 0.144855 0.855145 0
1332 0.144855 0.855145 0
1333 0.246777 0.753223 0
1334 0.246777 0.753223 0
1335 0.246777 0.753223 0
1336 0.246777 0.753223 0
1337 0.246777 0.753223 0
1338 0 0.8892 0.1108
1339 0 0.8892 0.1108
1340 0 0.8892 0.1108
1341 0 0.8892 0.1108
1342 0 0.551212 0.448788
1343 0 0.551212 0.448788
1344 0 0.551212 0.448788
1345 0 0.551212 0.448788
1346 0.641905 0.358095 0
1347 0.641905 0.358095 0
1348 0.641905 0.358095 0
1349 0.641905 0.358095 0
1350 0 0.855247 0.144753
1351 0 0.855247 0.144753
1352 0 0.855247 0.144753
1353 0 0.855247 0.144753
1354 0.100489 0.899511 0
1355 0.100489 0.899511 0
1356 0.100489 0.899511 0
1357 0.100489 0.899511 0
1358 0 0.642504 0.357496
1359 0 0.642504 0.357496
1360 0 0.642504 0.357496
1361 0 0.642504 0.357496
1362 0 0 1
1363 0 0 1
1364 0 0 1
1365 0 0 1
1366 0 0.725414 0.274586
1367 0 0.725414 0.274586
1368 0 0.725414 0.274586
1369 0 0.725414 0.274586
1370 0 0.530813 0.469187
1371 0 0.530813 0.469187
1372 0 0.530813 0.469187
1373 0 0.470331 0.529669
1374 0 0.470331 0.529669
1375 0 0.470331 0.529669
1376 0 0.470331 0.529669
1377 0 0.470331 0.529669
1378 0 0 1
1379 0 0 1
1380 0 0 1
1381 0 0 1
1382 0 0.443675 0.556325
1383 0 0.443675 0.556325
1384 0 0.443675 0.556325
1385 0 0.443675 0.556325
1386 0 0.479445 0.520555
1387 0 0.479445 0.520555
1388 0 0.479445 0.520555
1389 0 0.479445 0.520555
1390 0.136924 0.863076 0
1391 0.136924 0.863076 0
1392 0.136924 0.863076 0
1393 0 0.963468 0.0365315
1394 0 0.963468 0.0365315
1395 0 0.963468 0.0365315
1396 0 0.963468 0.0365315
1397 0.511784 0.488216 0
1398 0.511784 0.488216 0
1399 0.511784 0.488216 0
1400 0.511784 0.488216 0
1401 0 0.514956 0.485044
1402 0 0.514956 0.485044
1403 0 0.514956 0.485044
1404 0 0.514956 0.485044
1405 0 0.658472 0.341528
1406 0 0.658472 0.341528
1407 0 0.658472 0.341528
1408 0 0.91583 0.0841698
1409 0 0.91583 0.0841698
1410 0 0.91583 0.0841698
1411 0 0.91583 0.0841698
1412 0 0.91583 0.0841698
1413 0 0.832862 0.167138
1414 0 0.832862 0.167138
1415 0 0.832862 0.167138
1416 0 0.832862 0.167138
1417 0.00341346 0.996587 0
1418 0.00341346 0.996587 0
1419 0.00341346 0.996587 0
1420 0.00341346 0.996587 0
1421 0.0935176 0.906482 0
1422 0.0935176 0.906482 0
1423 0.0935176 0.906482 0
1424 0.0935176 0.906482 0
1425 0.0935176 0.906482 0
1426 0.103731 0.896269 0
1427 0.103731 0.896269 0
1428 0.103731 0.896269 0
1429 0.103731 0.896269 0
1430 0.286685 0.713315 0
1431 0.286685 0.713315 0
1432 0.286685 0.713315 0
1433 0.286685 0.713315 0
1434 0.286685 0.713315 0
1435 0.117445 0.882555 0
1436 0.117445 0.882555 0
1437 0.117445 0.882555 0
1438 0 0.957384 0.0426162
1439 0 0.957384 0.0426162
1440 0 0.957384 0.0426162
1441 0 0.957384 0.0426162
1442 0 0.957384 0.0426162
1443 0.254144 0.745856 0
1444 0.254144 0.745856 0
1445 0.254144 0.745856 0
1446 0.254144 0.745856 0
1447 0 0.824301 0.175699
1448 0 0.824301 0.175699
1449 0 0.824301 0.175699
1450 0 0.824301 0.175699
1451 0.340619 0.659381 0
1452 0.340619 0.659381 0
1453 0.340619 0.659381 0
1454 0.340619 0.659381 0
1455 0.340619 0.659381 0
1456 0.263922 0.736078 0
1457 0.263922 0.736078 0
1458 0.263922 0.736078 0
1459 0.278139 0.721861 0
1460 0.278139 0.721861 0
1461 0.278139 0.721861 0
1462 0.278139 0.721861 0
1463 0 0.729482 0.270518
1464 0 0.729482 0.270518
1465 0 0.729482 0.270518
1466 0 0.729482 0.270518
1467 0 0.729482 0.270518
1468 0 0.903157 0.0968425
1469 0 0.903157 0.0968425
1470 0 0.903157 0.0968425
1471 0 0.903157 0.0968425
1472 0.299101 0.700899 0
1473 0.299101 0.700899 0
1474 0.299101 0.700899 0
1475 0.162704 0.837296 0
1476 0.162704 0.837296 0
1477 0.162704 0.837296 0
1478 0.162704 0.837296 0
1479 0.162704 0.837296 0
1480 0 0 1
1481 0 0 1
1482 0 0 1
1483 0 0 1
1484 0 0.210784 0.789216
1485 0 0.210784 0.789216
1486 0 0.210784 0.789216
1487 0 0.210784 0.789216
1488 0 0.210784 0.789216
1489 0 0.210784 0.789216
1490 0 0.104786 0.895214
1491 0 0.104786 0.895214
1492 0 0.104786 0.895214
1493 0 0.104786 0.895214
1494 0 0.127086 0.872914
1495 0 0.127086 0.872914
1496 0 0.127086 0.872914
1497 0 0.809676 0.190324
1498 0 0.809676 0.190324
1499 0 0.809676 0.190324
1500 0 0.809676 0.190324
1501 0 0.802074 0.197926
1502 0 0.802074 0.197926
1503 0 0.802074 0.197926
1504 0 0.802074 0.197926
1505 0.392336 0.607664 0
1506 0.392336 0.607664 0
1507 0.392336 0.607664 0
1508 0.392336 0.607664 0
1509 0.392336 0.607664 0
1510 0.77413 0.22587 0
1511 0.77413 0.22587 0
1512 0.77413 0.22587 0
1513 0.77413 0.22587 0
1514 0.77413 0.22587 0
1515 0.224692 0.775308 0
1516 0.224692 0.775308 0
1517 0.224692 0.775308 0
1518 0 0.653711 0.346289
1519 0 0.653711 0.346289
1520 0 0.653711 0.346289
1521 0 0.653711 0.346289
1522 0 0.653711 0.346289
1523 0.230794 0.769206 0
1524 0.230794 0.769206 0
1525 0.230794 0.769206 0
1526 0.230794 0.769206 0
1527 0.230794 0.769206 0
1528 0.179592 0.820408 0
1529 0.179592 0.820408 0
1530 0.179592 0.820408 0
1531 0.179592 0.820408 0
1532 0.179592 0.820408 0
1533 0 0.525095 0.474905
1534 0 0.525095 0.474905
1535 0 0.525095 0.474905
1536 0 0.525095 0.474905
1537 0.26083 0.73917 0
1538 0.26083 0.73917 0
1539 0.26083 0.73917 0
1540 0.0643659 0.935634 0
1541 0.0643659 0.935634 0
1542 0.0643659 0.935634 0
1543 0.0643659 0.935634 0
1544 0.421617 0.578383 0
1545 0.421617 0.578383 0
1546 0.421617 0.578383 0
1547 0.421617 0.578383 0
1548 0.437721 0.562279 0
1549 0.437721 0.562279 0
1550 0.437721 0.562279 0
1551 0.437721 0.562279 0
1552 0.437721 0.562279 0
1553 0.408984 0.591016 0
1554 0.408984 0.591016 0
1555 0.408984 0.591016 0
1556 0.408984 0.591016 0
1557 0.452058 0.547942 0
1558 0.452058 0.547942 0
1559 0.452058 0.547942 0
1560 0.452058 0.547942 0
1561 0.0561055 0.943895 0
1562 0.0561055 0.943895 0
1563 0.0561055 0.943895 0
1564 0.0561055 0.943895 0
1565 0.21371 0.78629 0
1566 0.21371 0.78629 0
1567 0.21371 0.78629 0
1568 0.21371 0.78629 0
1569 0.549331 0.450669 0
1570 0.549331 0.450669 0
1571 0.549331 0.450669 0
1572 0.561958 0.438042 0
1573 0.561958 0.438042 0
1574 0.561958 0.438042 0
1575 0.561958 0.438042 0
1576 0.235057 0.764943 0
1577 0.235057 0.764943 0
1578 0.235057 0.764943 0
1579 0.235057 0.764943 0
1580 0.235057 0.764943 0
1581 0.355325 0.644675 0
1582 0.355325 0.644675 0
1583 0.355325 0.644675 0
1584 0.355325 0.644675 0
1585 0.355325 0.644675 0
1586 0.355325 0.644675 0
1587 0 0.914132 0.0858679
1588 0 0.914132 0.0858679
1589 0 0.914132 0.0858679
1590 0 0.914132 0.0858679
1591 0.461267 0.538733 0
1592 0.461267 0.538733 0
1593 0.461267 0.538733 0
1594 0.461267 0.538733 0
1595 0.716953 0.283047 0
1596 0.716953 0.283047 0
1597 0.716953 0.283047 0
1598 0.716953 0.283047 0
1599 0.27804 0.72196 0
1600 0.27804 0.72196 0
1601 0.27804 0.72196 0
1602 0.27804 0.72196 0
1603 0.27804 0.72196 0
1604 0.27804 0.72196 0
1605 0.524788 0.475212 0
1606 0.524788 0.475212 0
1607 0.524788 0.475212 0
1608 0.524788 0.475212 0
1609 0.532822 0.467178 0
1610 0.532822 0.467178 0
1611 0.532822 0.467178 0
1612 0.532822 0.467178 0
1613 0.765196 0.234804 0
1614 0.765196 0.234804 0
1615 0.765196 0.234804 0
1616 0.765196 0.234804 0
1617 0.537044 0.462956 0
1618 0.537044 0.462956 0
1619 0.537044 0.462956 0
1620 0.537044 0.462956 0
1621 0.537044 0.462956 0
1622 0.552564 0.447436 0
1623 0.552564 0.447436 0
1624 0.552564 0.447436 0
1625 0.552564 0.447436 0
1626 0 0.963717 0.0362827
1627 0 0.963717 0.0362827
1628 0 0.963717 0.0362827
1629 0 0.963717 0.0362827
1630 0 0.963717 0.0362827
1631 0.101416 0.898584 0
1632 0.101416 0.898584 0
1633 0.101416 0.898584 0
1634 0.101416 0.898584 0
1635 0 0.757668 0.242332
1636 0 0.757668 0.242332
1637 0 0.757668 0.242332
1638 0 0.275887 0.724113
1639 0 0.275887 0.724113
1640 0 0.275887 0.724113
1641 0 0.275887 0.724113
1642 0 0.284145 0.715855
1643 0 0.284145 0.715855
1644 0 0.284145 0.715855
1645 0 0.284145 0.715855
1646 0 0.96896 0.0310396
1647 0 0.96896 0.0310396
1648 0 0.96896 0.0310396
1649 0 0.96896 0.0310396
1650 0.0670979 0.932902 0
1651 0.0670979 0.932902 0
1652 0.0670979 0.932902 0
1653 0 0.713398 0.286602
1654 0 0.713398 0.286602
1655 0 0.713398 0.286602
1656 0 0.713398 0.286602
1657 0 0.713398 0.286602
1658 0 0.538198 0.461802
1659 0 0.538198 0.461802
1660 0 0.538198 0.461802
1661 0 0.538198 0.461802
1662 0 0.258858 0.741142
1663 0 0.258858 0.741142
1664 0 0.258858 0.741142
1665 0 0.258858 0.741142
1666 0.20997 0.79003 0
1667 0.20997 0.79003 0
1668 0.20997 0.79003 0
1669 0.20997 0.79003 0
1670 0.44348 0.55652 0
1671 0.44348 0.55652 0
1672 0.44348 0.55652 0
1673 0 0.486061 0.513939
1674 0 0.486061 0.513939
1675 0 0.486061 0.513939
1676 0 0.486061 0.513939
1677 0 0.486061 0.513939
1678 0 0.572322 0.427678
1679 0 0.572322 0.427678
1680 0 0.572322 0.427678
1681 0 0.572322 0.427678
1682 0.0433355 0.956665 0
1683 0.0433355 0.956665 0
1684 0.0433355 0.956665 0
1685 0.0433355 0.956665 0
1686 0 0.466878 0.533122
1687 0 0.466878 0.533122
1688 0 0.466878 0.533122
1689 0 0.466878 0.533122
1690 0 0.466878 0.533122
1691 0 0.26117 0.73883
1692 0 0.26117 0.73883
1693 0 0.26117 0.73883
1694 0 0.26117 0.73883
1695 0 0.26117 0.73883
1696 0 0.254868 0.745132
1697 0 0.254868 0.745132
1698 0 0.254868 0.745132
1699 0 0.254868 0.745132
1700 0 0.254868 0.745132
1701 0.052016 0.947984 0
1702 0.052016 0.947984 0
1703 0.052016 0.947984 0
1704 0.052016 0.947984 0
1705 0.114868 0.885132 0
1706 0.114868 0.885132 0
1707 0.114868 0.885132 0
1708 0.114868 0.885132 0
1709 0 0.823575 0.176425
1710 0 0.823575 0.176425
1711 0 0.823575 0.176425
1712 0 0.823575 0.176425
1713 0 0.049496 0.950504
1714 0 0.049496 0.950504
1715 0 0.049496 0.950504
1716 0 0.049496 0.950504
1717 0 0.049496 0.950504
1718 0 0 1
1719 0 0 1
1720 0 0 1
1721 0 0 1
1722 0 0.596927 0.403073
1723 0 0.596927 0.403073
1724 0 0.596927 0.403073
1725 0 0.596927 0.403073
1726 0 0.596927 0.403073
1727 0.169206 0.830794 0
1728 0.169206 0.830794 0
1729 0.169206 0.830794 0
1730 0.169206 0.830794 0
1731 0 0.410326 0.589674
1732 0 0.410326 0.589674
1733 0 0.410326 0.589674
1734 0 0.410326 0.589674
1735 0 0.308062 0.691938
1736 0 0.308062 0.691938
1737 0 0.308062 0.691938
1738 0 0.308062 0.691938
1739 0 0.591175 0.408825
1740 0 0.591175 0.408825
1741 0 0.591175 0.408825
1742 0 0.591175 0.408825
1743 0 0.591175 0.408825
1744 0 0.971182 0.0288177
1745 0 0.971182 0.0288177
1746 0 0.971182 0.0288177
1747 0 0.971182 0.0288177
1748 0 0.971182 0.0288177
1749 0.0498993 0.950101 0
1750 0.0498993 0.950101 0
1751 0.0498993 0.950101 0
1752 0.0498993 0.950101 0
1753 0.477058 0.522942 0
1754 0.477058 0.522942 0
1755 0.477058 0.522942 0
1756 0 0.842274 0.157726
1757 0 0.842274 0.157726
1758 0 0.842274 0.157726
1759 0 0.842274 0.157726
1760 0.143409 0.856591 0
1761 0.143409 0.856591 0
1762 0.143409 0.856591 0
1763 0.143409 0.856591 0
1764 0.165743 0.834257 0
1765 0.165743 0.834257 0
1766 0.165743 0.834257 0
1767 0.165743 0.834257 0
1768 0.165743 0.834257 0
1769 0.165743 0.834257 0
1770 0.279949 0.720051 0
1771 0.279949 0.720051 0
1772 0.279949 0.720051 0
1773 0.279949 0.720051 0
1774 0.313309 0.686691 0
1775 0.313309 0.686691 0
1776 0.313309 0.686691 0
1777 0.313309 0.686691 0
1778 0.346833 0.653167 0
1779 0.346833 0.653167 0
1780 0.346833 0.653167 0
1781 0.0141937 0.985806 0
1782 0.0141937 0.985806 0
1783 0.0141937 0.985806 0
1784 0.0141937 0.985806 0
1785 0 0.887031 0.112969
1786 0 0.887031 0.112969
1787 0 0.887031 0.112969
1788 0 0.887031 0.112969
1789 0 0.887031 0.112969
1790 0 0.978647 0.021353
1791 0 0.978647 0.021353
1792 0 0.978647 0.021353
1793 0 0.978647 0.021353
1794 0.811087 0.188913 0
1795 0.811087 0.188913 0
1796 0.811087 0.188913 0
1797 0.811087 0.188913 0
1798 0.811087 0.188913 0
1799 0.57875 0.42125 0
1800 0.57875 0.42125 0
1801 0.57875 0.42125 0
1802 0.57875 0.42125 0
1803 0 0.772634 0.227366
1804 0 0.772634 0.227366
1805 0 0.772634 0.227366
1806 0 0.772634 0.227366
1807 0.0791487 0.920851 0
1808 0.0791487 0.920851 0
1809 0.0791487 0.920851 0
1810 0.0791487 0.920851 0
1811 0.121746 0.878254 0
1812 0.121746 0.878254 0
1813 0.121746 0.878254 0
1814 0.121746 0.878254 0
1815 0 0.868092 0.131908
1816 0 0.868092 0.131908
1817 0 0.868092 0.131908
1818 0 0.843308 0.156692
1819 0 0.843308 0.156692
1820 0 0.843308 0.156692
1821 0 0.843308 0.156692
1822 0 0.843308 0.156692
1823 0 0.706455 0.293545
1824 0 0.706455 0.293545
1825 0 0.706455 0.293545
1826 0 0.706455 0.293545
1827 0.0571369 0.942863 0
1828 0.0571369 0.942863 0
1829 0.0571369 0.942863 0
1830 0.0571369 0.942863 0
1831 0.146704 0.853296 0
1832 0.146704 0.853296 0
1833 0.146704 0.853296 0
1834 0.146704 0.853296 0
1835 0.0351396 0.96486 0
1836 0.0351396 0.96486 0
1837 0.0351396 0.96486 0
1838 0.0351396 0.96486 0
1839 0 0.855001 0.144999
1840 0 0.855001 0.144999
1841 0 0.855001 0.144999
1842 0 0.382276 0.617724
1843 0 0.382276 0.617724
1844 0 0.382276 0.617724
1845 0 0.382276 0.617724
1846 0 0.382276 0.617724
1847 0 0.490539 0.509461
1848 0 0.490539 0.509461
1849 0 0.490539 0.509461
1850 0 0.490539 0.509461
1851 0 0.490539 0.509461
1852 0 0.718059 0.281941
1853 0 0.718059 0.281941
1854 0 0.718059 0.281941
1855 0 0.718059 0.281941
1856 0 0.562061 0.437939
1857 0 0.562061 0.437939
1858 0 0.562061 0.437939
1859 0.201941 0.798059 0
1860 0.201941 0.798059 0
1861 0.201941 0.798059 0
1862 0.201941 0.798059 0
1863 0.315675 0.684325 0
1864 0.315675 0.684325 0
1865 0.315675 0.684325 0
1866 0.315675 0.684325 0
1867 0 0.979383 0.0206172
1868 0 0.979383 0.0206172
1869 0 0.979383 0.0206172
1870 0 0.979383 0.0206172
1871 0 0.979383 0.0206172
1872 0 0.958436 0.0415637
1873 0 0.958436 0.0415637
1874 0 0.958436 0.0415637
1875 0 0.958436 0.0415637
1876 0 0.936339 0.0636614
1877 0 0.936339 0.0636614
1878 0 0.936339 0.0636614
1879 0 0.936339 0.0636614
1880 0.340812 0.659188 0
1881 0.340812 0.659188 0
1882 0.340812 0.659188 0
1883 0.478785 0.521215 0
1884 0.478785 0.521215 0
1885 0.478785 0.521215 0
1886 0.478785 0.521215 0
1887 0.478785 0.521215 0
1888 0.256557 0.743443 0
1889 0.256557 0.743443 0
1890 0.256557 0.743443 0
1891 0.256557 0.743443 0
1892 0 0.906712 0.0932879
1893 0 0.906712 0.0932879
1894 0 0.906712 0.0932879
1895 0.195986 0.804014 0
1896 0.195986 0.804014 0
1897 0.195986 0.804014 0
1898 0.195986 0.804014 0
1899 0.195986 0.804014 0
1900 0.0440454 0.955955 0
1901 0.0440454 0.955955 0
1902 0.0440454 0.955955 0
1903 0.0440454 0.955955 0
1904 0.0440454 0.955955 0
1905 0.0327553 0.967245 0
1906 0.0327553 0.967245 0
1907 0.0327553 0.967245 0
1908 0.0327553 0.967245 0
1909 0.194261 0.805739 0
1910 0.194261 0.805739 0
1911 0.194261 0.805739 0
1912 0.194261 0.805739 0
1913 0 0.84847 0.15153
1914 0 0.84847 0.15153
1915 0 0.84847 0.15153
1916 0 0.488865 0.511135
1917 0 0.488865 0.511135
1918 0 0.488865 0.511135
1919 0 0.488865 0.511135
1920 0 0.832418 0.167582
1921 0 0.832418 0.167582
1922 0 0.832418 0.167582
1923 0 0.832418 0.167582
1924 0 0.820753 0.179247
1925 0 0.820753 0.179247
1926 0 0.820753 0.179247
1927 0 0.820753 0.179247
1928 0 0.580122 0.419878
1929 0 0.580122 0.419878
1930 0 0.580122 0.419878
1931 0 0.580122 0.419878
1932 0 0.650949 0.349051
1933 0 0.650949 0.349051
1934 0 0.650949 0.349051
1935 0 0.650949 0.349051
1936 0 0.548977 0.451023
1937 0 0.548977 0.451023
1938 0 0.548977 0.451023
1939 0 0.548977 0.451023
1940 0.0947561 0.905244 0
1941 0.0947561 0.905244 0
1942 0.0947561 0.905244 0
1943 0.0947561 0.905244 0
1944 0 0.100684 0.899316
1945 0 0.100684 0.899316
1946 0 0.100684 0.899316
1947 0 0.100684 0.899316
1948 0 0.591028 0.408972
1949 0 0.591028 0.408972
1950 0 0.591028 0.408972
1951 0 0.591028 0.408972
1952 0 0.459179 0.540821
1953 0 0.459179 0.540821
1954 0 0.459179 0.540821
1955 0 0.459179 0.540821
1956 0 0.759571 0.240429
1957 0 0.759571 0.240429
1958 0 0.759571 0.240429
1959 0 0.759571 0.240429
1960 0 0.480549 0.519451
1961 0 0.480549 0.519451
1962 0 0.480549 0.519451
1963 0 0.480549 0.519451
1964 0 0.536904 0.463096
1965 0 0.536904 0.463096
1966 0 0.536904 0.463096
1967 0 0.863894 0.136106
1968 0 0.863894 0.136106
1969 0 0.863894 0.136106
1970 0 0.863894 0.136106
1971 0 0.863894 0.136106
1972 0.0194292 0.980571 0
1973 0.0194292 0.980571 0
1974 0.0194292 0.980571 0
1975 0.0194292 0.980571 0
1976 0 0.837167 0.162833
1977 0 0.837167 0.162833
1978 0 0.837167 0.162833
1979 0 0.837167 0.162833
1980 0 0.528428 0.471572
1981 0 0.528428 0.471572
1982 0 0.528428 0.471572
1983 0 0.528428 0.471572
1984 0 0.528428 0.471572
1985 0.0816331 0.918367 0
1986 0.0816331 0.918367 0
1987 0.0816331 0.918367 0
1988 0.0816331 0.918367 0
1989 0.551524 0.448476 0
1990 0.551524 0.448476 0
1991 0.551524 0.448476 0
1992 0 0.628243 0.371757
1993 0 0.628243 0.371757
1994 0 0.628243 0.371757
1995 0 0.628243 0.371757
1996 0 0.628243 0.371757
1997 0 0.419051 0.580949
1998 0 0.419051 0.580949
1999 0 0.419051 0.580949
2000 0 0.419051 0.580949
2001 0 0.362603 0.637397
2002 0 0.362603 0.637397
2003 0 0.362603 0.637397
2004 0 0.362603 0.637397
2005 0 0.896444 0.103556
2006 0 0.896444 0.103556
2007 0 0.896444 0.103556
2008 0 0.896444 0.103556
2009 0 0.747967 0.252033
2010 0 0.747967 0.252033
2011 0 0.747967 0.252033
2012 0 0.747967 0.252033
2013 0 0.897587 0.102413
2014 0 0.897587 0.102413
2015 0 0.897587 0.102413
2016 0 0.897587 0.102413
2017 0 0.954238 0.0457617
2018 0 0.954238 0.0457617
2019 0 0.954238 0.0457617
2020 0 0.954238 0.0457617
2021 0 0.944533 0.0554668
2022 0 0.944533 0.0554668
2023 0 0.944533 0.0554668
2024 0 0.944533 0.0554668
2025 0 0.94163 0.0583702
2026 0 0.94163 0.0583702
2027 0 0.94163 0.0583702
2028 0 0.94163 0.0583702
2029 0.150196 0.849804 0
2030 0.150196 0.849804 0
2031 0.150196 0.849804 0
2032 0.191088 0.808912 0
2033 0.191088 0.808912 0
2034 0.191088 0.808912 0
2035 0.191088 0.808912 0
2036 0.2393 0.7607 0
2037 0.2393 0.7607 0
2038 0.2393 0.7607 0
2039 0.2393 0.7607 0
2040 0.00801903 0.991981 0
2041 0.00801903 0.991981 0
2042 0.00801903 0.991981 0
2043 0.00801903 0.991981 0
2044 0 0.740321 0.259679
2045 0 0.740321 0.259679
2046 0 0.740321 0.259679
2047 0 0.740321 0.259679
2048 0 0.371528 0.628472
2049 0 0.371528 0.628472
2050 0 0.371528 0.628472
2051 0 0.371528 0.628472
2052 0.420911 0.579089 0
2053 0.420911 0.579089 0
2054 0.420911 0.579089 0
2055 0.420911 0.579089 0
2056 0 0.762498 0.237502
2057 0 0.762498 0.237502
2058 0 0.762498 0.237502
2059 0.0328517 0.967148 0
2060 0.0328517 0.967148 0
2061 0.0328517 0.967148 0
2062 0.0328517 0.967148 0
2063 0.0328517 0.967148 0
2064 0 0.459383 0.540617
2065 0 0.459383 0.540617
2066 0 0.459383 0.540617
2067 0.00338873 0.996611 0
2068 0.00338873 0.996611 0
2069 0.00338873 0.996611 0
2070 0.00338873 0.996611 0
2071 0.0323221 0.967678 0
2072 0.0323221 0.967678 0
2073 0.0323221 0.967678 0
2074 0.0323221 0.967678 0
2075 0.23274 0.76726 0
2076 0.23274 0.76726 0
2077 0.23274 0.76726 0
2078 0.23274 0.76726 0
2079 0.23274 0.76726 0
2080 0.380227 0.619773 0
2081 0.380227 0.619773 0
2082 0.380227 0.619773 0
2083 0 0.737608 0.262392
2084 0 0.737608 0.262392
2085 0 0.737608 0.262392
2086 0 0.737608 0.262392
2087 0 0.737608 0.262392
2088 0 0.737608 0.262392
2089 0 0.50602 0.49398
2090 0 0.50602 0.49398
2091 0 0.50602 0.49398
2092 0 0.50602 0.49398
2093 0 0.918983 0.0810168
2094 0 0.918983 0.0810168
2095 0 0.918983 0.0810168
2096 0 0.918983 0.0810168
2097 0 0.918983 0.0810168
2098 0 0.398273 0.601727
2099 0 0.398273 0.601727
2100 0 0.398273 0.601727
2101 0 0.398273 0.601727
2102 0 0.86657 0.13343
2103 0 0.86657 0.13343
2104 0 0.86657 0.13343
2105 0 0.86657 0.13343
2106 0.0388954 0.961105 0
2107 0.0388954 0.961105 0
2108 0.0388954 0.961105 0
2109 0.0388954 0.961105 0
2110 0.0388954 0.961105 0
2111 0 0.073827 0.926173
2112 0 0.073827 0.926173
2113 0 0.073827 0.926173
2114 0 0.073827 0.926173
2115 0 0.073827 0.926173
2116 0 0.05892 0.94108
2117 0 0.05892 0.94108
2118 0 0.05892 0.94108
2119 0 0.05892 0.94108
2120 0 0.239937 0.760063
2121 0 0.239937 0.760063
2122 0 0.239937 0.760063
2123 0 0.456718 0.543282
2124 0 0.456718 0.543282
2125 0 0.456718 0.543282
2126 0 0.456718 0.543282
2127 0 0.456718 0.543282
2128 0 0.456718 0.543282
2129 0 0.881736 0.118264
2130 0 0.881736 0.118264
2131 0 0.881736 0.118264
2132 0 0.881736 0.118264
2133 0 0.505173 0.494827
2134 0 0.505173 0.494827
2135 0 0.505173 0.494827
2136 0 0.505173 0.494827
2137 0 0.629851 0.370149
2138 0 0.629851 0.370149
2139 0 0.629851 0.370149
2140 0 0.629851 0.370149
2141 0 0.413996 0.586004
2142 0 0.413996 0.586004
2143 0 0.413996 0.586004
2144 0 0.413996 0.586004
2145 0 0.720018 0.279982
2146 0 0.720018 0.279982
2147 0 0.720018 0.279982
2148 0 0.720018 0.279982
2149 0 0.962444 0.0375561
2150 0 0.962444 0.0375561
2151 0 0.962444 0.0375561
2152 0.274785 0.725215 0
2153 0.274785 0.725215 0
2154 0.274785 0.725215 0
2155 0.274785 0.725215 0
2156 0.274785 0.725215 0
2157 0 0.628592 0.371408
2158 0 0.628592 0.371408
2159 0 0.628592 0.371408
2160 0 0.628592 0.371408
2161 0 0.628592 0.371408
2162 0 0.881695 0.118305
2163 0 0.881695 0.118305
2164 0 0.881695 0.118305
2165 0 0.881695 0.118305
2166 0 0.843292 0.156708
2167 0 0.843292 0.156708
2168 0 0.843292 0.156708
2169 0 0.843292 0.156708
2170 0.0723798 0.92762 0
2171 0.0723798 0.92762 0
2172 0.0723798 0.92762 0
2173 0 0.726362 0.273638
2174 0 0.726362 0.273638
2175 0 0.726362 0.273638
2176 0 0.726362 0.273638
2177 0 0.726362 0.273638
2178 0 0.143043 0.856957
2179 0 0.143043 0.856957
2180 0 0.143043 0.856957
2181 0 0.143043 0.856957
2182 0 0.143043 0.856957
2183 0.119201 0.880799 0
2184 0.119201 0.880799 0
2185 0.119201 0.880799 0
2186 0.119201 0.880799 0
2187 0.050856 0.949144 0
2188 0.050856 0.949144 0
2189 0.050856 0.949144 0
2190 0.050856 0.949144 0
2191 0 0.882258 0.117742
2192 0 0.882258 0.117742
2193 0 0.882258 0.117742
2194 0 0.869967 0.130033
2195 0 0.869967 0.130033
2196 0 0.869967 0.130033
2197 0 0.869967 0.130033
2198 0 0.444625 0.555375
2199 0 0.444625 0.555375
2200 0 0.444625 0.555375
2201 0 0.444625 0.555375
